{
  "success": true,
  "message": "操作成功",
  "code":0,
  "data": {
    "status":"finish",
    "Productstructure": {
      "children": [
        {
          "children": [
            {
              "children": [],
              "clik": true,
              "folder": false,
              "key": "PT0000000026-PT0000000038[10]-PT0000000039[1031]",
              "select": true,
              "title": "PT0000000039/0.1"
            },
            {
              "children": [],
              "clik": true,
              "folder": false,
              "key": "PT0000000026-PT0000000038[10]-PT0000000040[1032]",
              "select": true,
              "title": "PT0000000040/0.1"
            },
            {
              "children": [],
              "clik": true,
              "folder": false,
              "key": "PT0000000026-PT0000000038[10]-PT0000000040[1033]",
              "select": true,
              "title": "PT0000000040/0.1"
            }
          ],
          "clik": true,
          "folder": true,
          "key": "PT0000000038[10]",
          "select": true,
          "title": "PT0000000038/0.1"
        },
        {
          "children": [
            {
              "children": [],
              "clik": true,
              "folder": false,
              "key": "PT0000000026-PT0000000027[20]-PT0000000028[1029]",
              "select": true,
              "title": "PT0000000028/0.1"
            },
            {
              "children": [],
              "clik": true,
              "folder": false,
              "key": "PT0000000026-PT0000000027[20]-PT0000000028[1030]",
              "select": true,
              "title": "PT0000000028/0.1"
            },
            {
              "children": [],
              "clik": true,
              "folder": false,
              "key": "PT0000000026-PT0000000027[20]-PT0000000029[5481049.geo_fin001.003999_1.1]",
              "select": true,
              "title": "PT0000000029/0.1"
            }
          ],
          "clik": true,
          "folder": true,
          "key": "PT0000000027[20]",
          "select": true,
          "title": "PT0000000027/0.1"
        },
        {
          "children": [
            {
              "children": [],
              "clik": true,
              "folder": false,
              "key": "PT0000000026-PT0000000030[30]-PT0000000031[1028]",
              "select": true,
              "title": "PT0000000031/0.1"
            }
          ],
          "clik": true,
          "folder": true,
          "key": "PT0000000030[30]",
          "select": true,
          "title": "PT0000000030/0.1"
        },
        {
          "children": [
            {
              "children": [],
              "clik": true,
              "folder": false,
              "key": "PT0000000026-PT0000000033[40]-PT0000000034[1022]",
              "select": true,
              "title": "PT0000000034/0.1"
            },
            {
              "children": [],
              "clik": true,
              "folder": false,
              "key": "PT0000000026-PT0000000033[40]-PT0000000034[1023]",
              "select": true,
              "title": "PT0000000034/0.1"
            },
            {
              "children": [
                {
                  "children": [],
                  "clik": true,
                  "folder": false,
                  "key": "PT0000000026-PT0000000033[40]-PT0000000035[1024]-PT0000000036[1121]",
                  "select": true,
                  "title": "PT0000000036/0.1"
                }
              ],
              "clik": true,
              "folder": true,
              "key": "PT0000000035[1024]",
              "select": true,
              "title": "PT0000000035/0.1"
            },
            {
              "children": [],
              "clik": true,
              "folder": false,
              "key": "PT0000000026-PT0000000033[40]-PT0000000037[1026]",
              "select": true,
              "title": "PT0000000037/0.1"
            }
          ],
          "clik": true,
          "folder": true,
          "key": "PT0000000033[40]",
          "select": true,
          "title": "PT0000000033/0.1"
        }
      ],
      "clik": true,
      "folder": true,
      "key": "PT0000000026",
      "select": true,
      "title": "PT0000000026/0.1"
    },
    "Models": {
      "JSONFilesSize": 1054441,
      "boundingBoxMaximum": [
        2110,
        795.4012451171875,
        1006.8197021484375
      ],
      "boundingBoxMinimum": [
        -13.399999618530273,
        -13.39999771118164,
        -1.934999942779541
      ],
      "jsonFileNames": {
        "PT0000000026-PT0000000033[40]-PT0000000034[1023]": {
          "boundingBoxMaximum": [
            13.399999618530273,
            13.39999771118164,
            8.75
          ],
          "boundingBoxMinimum": [
            -13.399999618530273,
            -13.39999771118164,
            -1.934999942779541
          ],
          "color": [
            0,
            0,
            0
          ],
          "extention": "json",
          "transformation": [
            -0.994277834892273,
            0,
            -0.10682529956102371,
            0,
            0,
            1,
            0,
            0,
            0.10682529956102371,
            0,
            -0.994277834892273,
            0,
            1828.5753173828125,
            713.922119140625,
            978.4458618164062,
            1
          ],
          "url": "./static/file/PT0000000034.json"
        },
        "PT0000000026-PT0000000038[10]-PT0000000040[1033]": {
          "boundingBoxMaximum": [
            9.5,
            9.5,
            5.799999713897705
          ],
          "boundingBoxMinimum": [
            -9.5,
            -9.5,
            -1.2999999523162842
          ],
          "color": [
            0,
            0,
            0
          ],
          "extention": "json",
          "transformation": [
            -0.7302078008651733,
            -0.021446844562888145,
            0.6828884482383728,
            0,
            7.940453942865133E-4,
            -0.9995331764221191,
            -0.030542345717549324,
            0,
            0.6832246780395508,
            -0.021760014817118645,
            0.7298839092254639,
            0,
            1998.1812744140625,
            784.2590942382812,
            782.19482421875,
            1
          ],
          "url": "./static/file/PT0000000040.json"
        },
        "PT0000000026-PT0000000033[40]-PT0000000037[1026]": {
          "boundingBoxMaximum": [
            2006.4027099609375,
            753.0361328125,
            1002.441162109375
          ],
          "boundingBoxMinimum": [
            1611.902587890625,
            677.333251953125,
            808.6897583007812
          ],
          "color": [
            0,
            0,
            0
          ],
          "extention": "json",
          "transformation": [
            1,
            0,
            0,
            0,
            0,
            1,
            0,
            0,
            0,
            0,
            1,
            0,
            0,
            0,
            0,
            1
          ],
          "url": "./static/file/PT0000000037.json"
        },
        "PT0000000026-PT0000000033[40]-PT0000000034[1022]": {
          "boundingBoxMaximum": [
            13.399999618530273,
            13.39999771118164,
            8.75
          ],
          "boundingBoxMinimum": [
            -13.399999618530273,
            -13.39999771118164,
            -1.934999942779541
          ],
          "color": [
            0,
            0,
            0
          ],
          "extention": "json",
          "transformation": [
            -0.994277834892273,
            0,
            -0.10682529956102371,
            0,
            0,
            1,
            0,
            0,
            0.10682529956102371,
            0,
            -0.994277834892273,
            0,
            1929.99169921875,
            713.922119140625,
            989.342041015625,
            1
          ],
          "url": "./static/file/PT0000000034.json"
        },
        "PT0000000026-PT0000000038[10]-PT0000000039[1031]": {
          "boundingBoxMaximum": [
            2006.9447021484375,
            795.4012451171875,
            824.6873779296875
          ],
          "boundingBoxMinimum": [
            1941.7799072265625,
            764.0839233398438,
            761.3181762695312
          ],
          "color": [
            0,
            0,
            0
          ],
          "extention": "json",
          "transformation": [
            1,
            0,
            0,
            0,
            0,
            1,
            0,
            0,
            0,
            0,
            1,
            0,
            0,
            0,
            0,
            1
          ],
          "url": "./static/file/PT0000000039.json"
        },
        "PT0000000026-PT0000000038[10]-PT0000000040[1032]": {
          "boundingBoxMaximum": [
            9.5,
            9.5,
            5.799999713897705
          ],
          "boundingBoxMinimum": [
            -9.5,
            -9.5,
            -1.2999999523162842
          ],
          "color": [
            0,
            0,
            0
          ],
          "extention": "json",
          "transformation": [
            -0.7301576137542725,
            -0.008594206534326077,
            0.6832246780395508,
            0,
            -0.008594205603003502,
            -0.9997262954711914,
            -0.021760014817118645,
            0,
            0.6832246780395508,
            -0.021760012954473495,
            0.7298839092254639,
            0,
            1961.6708984375,
            783.251953125,
            816.3412475585938,
            1
          ],
          "url": "./static/file/PT0000000040.json"
        },
        "PT0000000026-PT0000000027[20]-PT0000000028[1030]": {
          "boundingBoxMaximum": [
            5,
            5,
            4.5
          ],
          "boundingBoxMinimum": [
            -5,
            -5,
            0
          ],
          "color": [
            0,
            0,
            0
          ],
          "extention": "json",
          "transformation": [
            0.04158332571387291,
            -0.9974728226661682,
            0.05760938301682472,
            0,
            0.9910055994987488,
            0.04851672798395157,
            0.12471598386764526,
            0,
            -0.1271958202123642,
            0.05190511792898178,
            0.9905185699462891,
            0,
            1621.0316162109375,
            706.1592407226562,
            992.5588989257812,
            1
          ],
          "url": "./static/file/PT0000000028.json"
        },
        "PT0000000026-PT0000000027[20]-PT0000000028[1029]": {
          "boundingBoxMaximum": [
            5,
            5,
            4.5
          ],
          "boundingBoxMinimum": [
            -5,
            -5,
            0
          ],
          "color": [
            0,
            0,
            0
          ],
          "extention": "json",
          "transformation": [
            0.04158332571387291,
            -0.9974728226661682,
            0.05760938301682472,
            0,
            0.9910055994987488,
            0.04851672798395157,
            0.12471598386764526,
            0,
            -0.1271958202123642,
            0.05190511792898178,
            0.9905185699462891,
            0,
            1621.0316162109375,
            706.1592407226562,
            992.5588989257812,
            1
          ],
          "url": "./static/file/PT0000000028.json"
        },
        "PT0000000026-PT0000000030[30]-PT0000000031[1028]": {
          "boundingBoxMaximum": [
            2110,
            772.4898071289062,
            1006.8197021484375
          ],
          "boundingBoxMinimum": [
            1279.6053466796875,
            650.760986328125,
            708.1693725585938
          ],
          "color": [
            0,
            0,
            0
          ],
          "extention": "json",
          "transformation": [
            1,
            0,
            0,
            0,
            0,
            1,
            0,
            0,
            0,
            0,
            1,
            0,
            0,
            0,
            0,
            1
          ],
          "url": "./static/file/PT0000000031.json"
        },
        "PT0000000026-PT0000000033[40]-PT0000000035[1024]-PT0000000036[1121]": {
          "boundingBoxMaximum": [
            1975.54638671875,
            748.544921875,
            997.7164306640625
          ],
          "boundingBoxMinimum": [
            1758.1905517578125,
            691.8023071289062,
            956.6629028320312
          ],
          "color": [
            0,
            0,
            0
          ],
          "extention": "json",
          "transformation": [
            1,
            0,
            0,
            0,
            0,
            1,
            0,
            0,
            0,
            0,
            1,
            0,
            0,
            0,
            0,
            1
          ],
          "url": "./static/file/PT0000000036.json"
        },
        "PT0000000026-PT0000000027[20]-PT0000000029[5481049.geo_fin001.003999_1.1]": {
          "boundingBoxMaximum": [
            1376.4395751953125,
            705.979736328125,
            956.7086181640625
          ],
          "boundingBoxMinimum": [
            1297.427978515625,
            682.33544921875,
            911.3167114257812
          ],
          "color": [
            0,
            0,
            0
          ],
          "extention": "json",
          "transformation": [
            0.9979535937309265,
            0.00905225146561861,
            -0.06329808384180069,
            0,
            -0.00917794555425644,
            0.9999564290046692,
            -0.0016952665755525231,
            0,
            0.06327997893095016,
            0.002272743731737137,
            0.9979932308197021,
            0,
            238.84832763671875,
            -3.3183553218841553,
            130.815673828125,
            1
          ],
          "url": "./static/file/PT0000000029.json"
        }
      },
      "numberOfJSONFiles": 12
    }
  }
}